     1        0   129600   0.000
     2    12475   129600   0.010
     3    24949   129900   0.020
     4    37423   129900   0.030
     5    49897   130930   0.040
     6    62371   130930   0.050
     7    74845   131970   0.060
     8    87319   131970   0.070
     9    99793   133066   0.080
    10   112267   133066   0.090
    11   124741   134168   0.100
    12   137215   134168   0.110
    13   149689   135373   0.120
    14   162163   135373   0.130
    15   174637   136553   0.140
    16   187111   137758   0.150
    17   199585   137758   0.160
    18   212059   138943   0.170
    19   224533   138943   0.180
    20   237007   140186   0.190
    21   249481   140186   0.200
    22   261955   141394   0.210
    23   274429   141394   0.220
    24   286903   142597   0.230
    25   299377   142597   0.240
    26   311851   143890   0.250
    27   324325   143890   0.260
    28   336799   145200   0.270
    29   349273   145200   0.280
    30   361747   146428   0.290
    31   374221   147697   0.300
    32   386695   147697   0.310
    33   399169   148992   0.320
    34   411643   148992   0.330
    35   424117   150313   0.340
    36   436591   150313   0.350
    37   449065   151591   0.360
    38   461539   151591   0.370
    39   474013   152934   0.380
    40   486487   152934   0.390
    41   498961   154336   0.400
    42   511435   154336   0.410
    43   523909   155693   0.420
    44   536383   155693   0.430
    45   548857   157163   0.440
    46   561331   158559   0.450
    47   573805   158559   0.460
    48   586279   159968   0.470
    49   598753   159968   0.480
    50   611227   161375   0.490
    51   623701   161375   0.500
    52   636175   162760   0.510
    53   648649   162760   0.520
    54   661123   164179   0.530
    55   673597   164179   0.540
    56   686071   165597   0.550
    57   698545   165597   0.560
    58   711019   166994   0.570
    59   723493   166994   0.580
    60   735967   168484   0.590
    61   748441   169971   0.600
    62   760915   169971   0.610
    63   773389   171553   0.620
    64   785863   171553   0.630
    65   798337   173130   0.640
    66   810811   173130   0.650
    67   823285   174609   0.660
    68   835759   174609   0.670
    69   848233   176132   0.680
    70   860707   176132   0.690
    71   873181   177566   0.700
    72   885655   177566   0.710
    73   898129   179052   0.720
    74   910603   179052   0.730
    75   923077   180487   0.740
    76   935551   181950   0.750
    77   948025   181950   0.760
    78   960499   183435   0.770
    79   972973   183435   0.780
    80   985447   184903   0.790
    81   997921   184903   0.800
    82  1010395   186588   0.810
    83  1022869   186588   0.820
    84  1035343   188179   0.830
    85  1047817   188179   0.840
    86  1060291   189642   0.850
    87  1072765   189642   0.860
    88  1085239   191165   0.870
    89  1097713   191165   0.880
    90  1110187   192681   0.890
    91  1122661   194170   0.900
    92  1135135   194170   0.910
    93  1147609   195654   0.920
    94  1160083   195654   0.930
    95  1172557   197127   0.940
    96  1185031   197127   0.950
    97  1197505   198672   0.960
    98  1209979   198672   0.970
    99  1222453   200257   0.980
   100  1234927   200257   0.990
   101  1247401   202012   1.000
   102  1259875   202012   1.010
   103  1272349   203664   1.020
   104  1284823   203664   1.030
   105  1297297   205293   1.040
   106  1309771   206917   1.050
   107  1322245   206917   1.060
   108  1334719   208479   1.070
   109  1347193   208479   1.080
   110  1359667   209956   1.090
   111  1372141   209956   1.100
   112  1384615   211499   1.110
   113  1397089   211499   1.120
   114  1409563   213072   1.130
   115  1422037   213072   1.140
   116  1434511   214718   1.150
   117  1446985   214718   1.160
   118  1459459   216299   1.170
   119  1471933   216299   1.180
   120  1484407   217958   1.190
   121  1496881   219720   1.200
   122  1509355   219720   1.210
   123  1521829   221421   1.220
   124  1534303   221421   1.230
   125  1546777   222961   1.240
   126  1559251   222961   1.250
   127  1571725   224470   1.260
   128  1584199   224470   1.270
   129  1596673   226076   1.280
   130  1609147   226076   1.290
   131  1621621   227601   1.300
   132  1634095   227601   1.310
   133  1646569   229197   1.320
   134  1659043   229197   1.330
   135  1671517   230794   1.340
   136  1683991   232506   1.350
   137  1696465   232506   1.360
   138  1708939   234804   1.370
   139  1721413   234804   1.380
   140  1733887   236324   1.390
   141  1746361   236324   1.400
   142  1758835   237846   1.410
   143  1771309   237846   1.420
   144  1783783   239347   1.430
   145  1796257   239347   1.440
   146  1808731   240892   1.450
   147  1821205   240892   1.460
   148  1833679   242361   1.470
   149  1846153   242361   1.480
   150  1858627   243961   1.490
   151  1871101   245731   1.500
   152  1883575   245731   1.510
   153  1896049   247325   1.520
   154  1908523   247325   1.530
   155  1920997   249002   1.540
   156  1933471   249002   1.550
   157  1945945   250809   1.560
   158  1958419   250809   1.570
   159  1970893   252452   1.580
   160  1983367   252452   1.590
   161  1995841   254037   1.600
   162  2008315   254037   1.610
   163  2020789   255672   1.620
   164  2033263   255672   1.630
   165  2045737   257265   1.640
   166  2058211   258826   1.650
   167  2070685   258826   1.660
   168  2083159   260327   1.670
   169  2095633   260327   1.680
   170  2108107   261847   1.690
   171  2120581   261847   1.700
   172  2133055   263406   1.710
   173  2145529   263406   1.720
   174  2158003   264967   1.730
   175  2170477   264967   1.740
   176  2182951   266833   1.750
   177  2195425   266833   1.760
   178  2207899   268556   1.770
   179  2220373   268556   1.780
   180  2232847   270155   1.790
   181  2245321   271729   1.800
   182  2257795   271729   1.810
   183  2270269   273203   1.820
   184  2282743   273203   1.830
   185  2295217   274799   1.840
   186  2307691   274799   1.850
   187  2320165   276402   1.860
   188  2332639   276402   1.870
   189  2345113   277969   1.880
   190  2357587   277969   1.890
   191  2370061   279550   1.900
   192  2382535   279550   1.910
   193  2395009   281157   1.920
   194  2407483   281157   1.930
   195  2419957   283100   1.940
   196  2432431   284744   1.950
   197  2444905   284744   1.960
   198  2457379   286262   1.970
   199  2469853   286262   1.980
   200  2482327   287912   1.990
   201  2494801   287912   2.000
   202  2507275   289396   2.010
   203  2519749   289396   2.020
   204  2532223   290975   2.030
   205  2544697   290975   2.040
   206  2557171   292490   2.050
   207  2569645   292490   2.060
   208  2582119   294084   2.070
   209  2594593   294084   2.080
   210  2607067   295683   2.090
   211  2619541   297312   2.100
   212  2632015   297312   2.110
   213  2644489   299163   2.120
   214  2656963   299163   2.130
   215  2669437   300757   2.140
   216  2681911   300757   2.150
   217  2694385   302340   2.160
   218  2706859   302340   2.170
   219  2719333   303925   2.180
   220  2731807   303925   2.190
   221  2744281   305498   2.200
